35
1
106
62
0
34
15
23
10
28
37
131
26
5
55
1
171
36
50
111
138
44
50
15
105
76
31
55
34
19
40
46
23
71
40
67
93
45
148
183
32
24
56
17
2
90
0
19
21
49
39
9
4
48
172
57
3
5
28
68
52
76
8
183
2
8
41
1
10
16
4
3
1
13
35
15
4
62
31
121
33
2
27
46
73
21
25
26
47
19
66
0
47
6
3
20
10
38
55
5
22
7
14
29
56
4
49
34
69
33
6
106
26
12
14
38
12
28
9
8
89
0
67
20
45
35
77
137
61
73
17
15
37
20
177
21
15
2
48
11
1
50
119
40
62
0
12
53
3
2
14
18
30
79
29
5
8
28
76
36
15
14
226
160
2
63
1
116
76
24
31
26
43
81
13
155
59
11
93
88
11
6
61
3
26
126
26
29
13
237
53
59
173
22
21
191
25
37
16
22
27
0
10
6
55
42
54
91
54
113
83
73
101
2
82
155
13
53
85
129
30
33
30
14
2
4
34
25
31
54
58
0
89
84
90
82
13
15
7
29
2
5
2
25
25
2
49
83
52
26
25
25
130
4
14
1
63
34
14
38
6
28
60
26
108
20
30
34
7
89
24
78
5
37
35
36
3
19
1
0
77
56
3
2
2
75
51
4
33
3
87
1
36
38
3
107
63
35
36
80
