44     
5   
17     
64 
58    
0  
52 
4  
277
52 
7  
16 
6  
96 
51 
44 
19 
18 
83 
28 
167
43 
12 
26 
64 
375
14 
0  
50 
3  
40 
91 
2  
147
65 
9  
88 
43 
24 
14*
65 
0  
53 
48*
6  
54 
21 
87 
145
152
20 
179
35 
40 
74 
26 
44 
2  
1  
2  
2  
9  
78 
132
83 
78 
14 
19 
19 
45  
103
30 
0  
4  
1  
115
3  
37 
15 
1  
36 
37 
55 
17 
42 
47 
93 
30 
31 
13*
89 
11 
7  
4  
39 
51 
79 
4  
33 
68 
14 
62 
3  
213
8  
153*
100
7  
24 
1  
67 
75 
50 
6  
5  
13 
112
4  
2  
0  
47 
0  
4  
0  
17 
182
39 
16 
0  
35 
28 
47  
45 
12 
0  
83 
8  
19 
91 
81 
14 
178
40 
74 
45 
221
130
0  
52 
47 
55 
4  
9  
35 
28 
73 
48 
26 
110
91 
122
14 
42 
68 
60 
209
10 
80*
29 
1  
191
1  
202
5  
72 
11 
115
86 
34 
6  
23 
0  
0  
8  
36 
33 
400*
53 
120
11 
44 
95 
13 
0  
7  
79 
15 
196
4  
176
13 
4  
130
48 
153
0  
5  
36 
30 
14 
13 
45 
226
17 
5  
0  
1  
1  
83 
18 
0  
7  
120
10 
19 
26 
11 
61 
122
216
0  
49 

