15
59
8
41
35
57
0
24
88
5
10
27
68
119*
21
11
16
7
15
40
148*
6
17
114
5
0
11
111
1
6
0
73
50
9*
165
78
62
28
104*
71
142
96
6
43
11*
34
85
179
54
40
10
4
0*
52*
2
24
122
31
177
74
10
0
42
7
18
2
61
36
15
4
169
9
35
9
7
15*
88
92
4
83
143
139
8
23
15
148
13
4
155*
79
177
31
34
7
47
113
67
0
136
6
29
0
9
53
124*
18
126*
15
44*
217
15
61
0
116
52
45
4
97
8
21
20
18
122
39
201*
76
65
10
10
126
17
74
36*
20
69
155
15
1
22*
88
103
26
90
176
36
42
79
117
0
0
8
0
41
86
16
12
34
92
193
54
35
43
16*
36
176
8
51
9
32
8
7
55
1
0
1
37
0
44
241*
60*
194*
2
8
1
8
2
5
55
3
20
32*
248*
36
94
52
52
41
16
22
109
16
23
19
14
23
26
16
28*
4
1
34
44
14
63
0
64
14
101
31
122*
37
16
91
1
82
1
1
56*
82
62
15
154*
12
71
13
153
13
0
27
12
5
31
6
14
13
49
88
10*
68
47
109
12
37
103*
11
5
160
49
64
62
9
4
100*
40
53
105*
16
143
7
100
106
8
84
203
41
54
98
38
214
53*
40
12
13
61
36
111*
13
6
146
14*
34
12
16
56
1
40
23
91
7
76
38
94
3
73
32
41
80
15
8
25
13
