13
5
8
0
11
71
1
1
0
12*
2*
39*
6
0
28
71
79*
10
49
0
73
21
61
55
10
27
20
0
13
1
19
59
4
90
91
26
42
3
55*
12
8
177*
152*
21*
43
92
0
14
7*
17
60
57
16
134*
20
3
17
4
25
25
1
19
48
14
26
2
4*
10
20
38
1
100
42
4
13
0
62
75
41
0
3
78*
13*
13
47*
157*
59
20
26
44
25*
147*
164
1
45*
0
86
64
73
0
98
19
7
94*
26*
1
0
19
0
99*
80
65
15
65*
63*
21
200
112*
7
29
38
14
131*
170
61*
0
67*
66
58
37
26
1
0
160
8
18
67
60*
12
33
0
108
116
4
75
14
22
6
2
23
96
7
2*
96
17
85
6
34
12
27
80
33
157
1
49*
28
112
16*
33
15*
59
7
122*
30*
96
8
14
0
100
9
199
11
72*
4
19
19
14
151*
1
24
28
5
150
5
32
32
57
17
10
151*
15
3
18*
41
26
121*
20
103
38
15
110
24
47
47
105
45
13
1*
157*
3
0
8
67
8
13
90
30
32
0
14
7
42
31
0
0
103*
7
12
34
53
77
14
102
6
25
115
41
45*
100*
156*
78
61
0
56*
30
42
19
40
80

